30980649
30980650
30980651
30980652
30980653
30980654
30980655
30980656
30980657
30980658
30980659
30980660
30980661
30980662
30980663
30980664
30980665
30980666
30980667
30980668
30980669
30980670
30980671
30980673
30980672
30980674
30980675
30980676
30980677
30980678
30980679
30980680
30980681
30980682
30980683
30980684
30980685
30980686
30980687
30980688
30980689
30980690
30980691
30980692
30980693
30980694
30980695
30980696
30980698
30980697
30980699
30980700
30980701
30980702
30980703
30980705
30980704
30980706
30980707
30980708
30980709
30980710
30980711
30980712
30980713
30980714
30980715
30980716
30980717
30980718
30980719
30980720
30980721
30980722
30980723
30980725
30980724
30980726
30980727
30980728
30980729
30980730
30980731
30980732
30980733
30980734
30980735
30980736
30980737
30980738
30980739
30980740
30980741
30980742
30980743
30980744
30980745
30980746
30980747
30980748
30980749
30980750
30980752
30980751
30980753
30980754
30980755
30980756
30980757
30980758
30980759
30980761
30980760
30980762
30980763
30980764
30980765
30980766
30980767
30980768
30980769
30980770
30980771
30980772
30980773
30980774
30980775
30980776
30980777
30980778
30980779
30980780
30980781
30980782
30980783
30980784
30980785
30980786
30980787
30980788
30980789
30980790
30980791
30980792
30980793
30980794
30980795
30980796
30980797
30980798
30980799
30980800
30980801
30980802
30980803
30980805
30980804
30980806
30980807
30980808
30980809
30980810
30980811
30980812
30980813
30980814
30980815
30980816
30980817
30980818
30980819
30980820
30980821
30980822
30980823
30980824
30980825
30980826
30980827
30980828
30980829
30980830
30980831
30980832
30980833
30980834
30980835
30980836
30980837
30980838
30980839
30980840
30980841
30980842
30980843
30980844
30980845
30980846
30980847
30980848
30980849
30980850
30980851
30980852
30980853
30980854
30980855
30980856
30980857
30980858
30980859
30980860
30980861
30980862
30980863
30980864
30980865
30980866
30980867
30980868
30980869
30980870
30980871
30980872
30980873
30980874
30980875
30980876
30980877
30980878
30980879
30980880
30980881
30980882
30980883
30980884
30980885
30980886
30980887
30980888
30980889
30980890
30980891
30980892
30980893
30980894
30980895
30980896
30980897
30980898
30980899
30980900
30980901
30980903
30980902
30980904
30980905
30980906
30980907
30980908
30980909
30980910
30980911
30980912
30980913
30980914
30980915
30980916
30980917
30980918
30980919
30980920
30980921
30980922
30980923
30980924
30980925
30980926
30980927
30980928
30980929
30980930
30980931
30980932
30980933
30980934
30980935
30980936
30980937
30980938
30980939
30980940
30980941
30980942
30980943
30980944
30980945
30980946
30980947
30980948
30980949
30980950
30980951
30980952
30980953
30980954
30980955
30980956
30980957
30980958
30980959
30980960
30980961
30980962
30980963
30980964
30980965
30980966
30980967
30980968
30980969
30980970
30980971
30980972
30980973
30980974
30980975
30980976
30980977
30980978
30980979
30980980
30980981
30980982
30980983
30980984
30980985
